0	0.0062247
1	0.000235794
2	0.000199327
3	0.000226474
4	0.00023287
5	0.000202289
6	0.000175388
7	0.000263193
8	0.000230654
9	0.000604441
10	0.000135611
11	5.23857e-05
12	5.23857e-05
13	0.000333184
14	0.000282753
15	5.23857e-05
16	0.00013363
17	0.000254675
18	5.23857e-05
19	0.000372399
20	0.000287176
21	0.000696493
22	0.000164049
23	0.000397123
24	0.000227247
25	0.000803954
26	0.000697864
27	9.88122e-05
28	0.000250154
29	0.00019209
30	0.000213029
31	0.000299862
32	0.000145588
33	9.11056e-05
34	9.17122e-05
35	7.26962e-05
36	0.000183872
37	5.23857e-05
38	0.000141466
39	0.000195488
40	0.000498277
41	0.000455477
42	9.11056e-05
43	5.23857e-05
44	0.000134701
45	0.000160317
46	0.000130362
47	7.99092e-05
48	0.00029256
49	0.000153714
50	0.000153353
51	0.000139634
52	8.14213e-05
53	0.000414395
54	0.000134449
55	0.000198696
56	0.000810043
57	0.000213041
58	0.00021131
59	0.000225464
60	0.000118311
61	9.83849e-05
62	0.000296029
63	9.792e-05
64	0.000141625
65	0.000160788
66	0.000180006
67	0.000778318
68	0.000209526
69	0.000141523
70	7.61426e-05
71	0.000100414
72	0.000275122
73	0.000157933
74	5.23857e-05
75	0.000176904
76	8.2406e-05
77	0.000120579
78	0.00021177
79	0.000153632
80	0.000313436
81	0.000106665
82	0.000387405
83	0.000139634
84	0.000191106
85	0.000183653
86	0.000148425
87	0.000173011
88	0.000284564
89	0.000222833
90	8.85554e-05
91	0.000230654
92	0.000287109
93	0.000180637
94	0.000297637
95	0.000175921
96	0.000146273
97	0.000108387
98	0.0005044
99	0.00029165
100	0.00017366
101	0.00026522
102	0.000150232
103	0.000189084
104	0.000348971
105	0.000182021
106	0.000127726
107	0.00688838
108	0.000199169
109	0.000404137
110	0.000151695
111	0.000287986
112	9.9485e-05
113	0.00042496
114	5.23857e-05
115	0.000408622
116	0.000318456
117	0.000112542
118	0.000400611
119	0.000733312
120	8.96844e-05
121	0.000172474
122	0.000664766
123	0.000209963
124	0.000111412
125	7.58336e-05
126	0.000127172
127	0.000242207
128	0.000308681
129	0.000123465
130	0.000229919
131	0.000169308
132	0.000209198
133	0.000236451
134	0.00022048
135	0.00017056
136	0.000633772
137	0.000323928
138	7.21694e-05
139	0.000154247
140	0.000216081
141	0.000314054
142	0.000454255
143	0.000286737
144	0.00028524
145	8.85554e-05
146	0.000144544
147	0.000175388
148	0.000247378
149	0.000266354
150	0.000192483
151	0.000151099
152	0.000122903
153	6.20007e-05
154	7.82675e-05
155	0.000101979
156	0.000165298
157	0.000104955
158	0.000301
159	0.000204116
160	6.9221e-05
161	0.000281644
162	0.000166707
163	0.000120536
164	7.37753e-05
165	0.000149806
166	0.000107466
167	0.000166195
168	0.000166883
169	0.000417731
170	0.000510503
171	0.00037329
172	0.000443945
173	0.000218383
174	0.000128544
175	0.000369922
176	0.000177054
177	0.000251877
178	0.000189011
179	0.000127658
180	0.000275653
181	0.00023287
182	0.000113805
183	6.35515e-05
184	0.000265885
185	0.000297966
186	0.00046963
187	0.000228913
188	0.000514535
189	0.000141625
190	0.000102157
191	7.59626e-05
192	0.000170797
193	0.000153782
194	0.000262868
195	0.00021177
196	0.000186854
197	0.000242113
198	0.000253264
199	0.000500708
200	0.000595561
201	0.000125907
202	0.000101984
203	0.000605397
204	0.000295355
205	8.14213e-05
206	9.37963e-05
207	7.05526e-05
208	0.000109451
209	5.23857e-05
210	5.23857e-05
211	0.000331227
212	0.000215672
213	0.000446746
214	0.000333347
215	5.23857e-05
216	7.25481e-05
217	0.000153326
218	0.00021177
219	0.000182695
220	0.000108354
221	0.000120404
222	0.000160123
223	0.000291177
224	0.000317624
225	0.000229658
226	0.000264863
227	0.000332678
228	8.17703e-05
229	0.000113653
230	0.000251543
231	0.000266905
232	0.000282609
233	9.11056e-05
234	6.14565e-05
235	9.5398e-05
236	0.000412793
237	0.000139634
238	0.000264756
239	0.000629616
240	8.4615e-05
241	8.50499e-05
242	0.000316047
243	0.000189764
244	9.11056e-05
245	0.000145763
246	0.00018056
247	8.40034e-05
248	0.000250069
249	0.000320571
250	9.0072e-05
251	0.000217518
252	0.000675009
253	0.000108387
254	0.000239249
255	8.50499e-05
256	9.11056e-05
257	0.000225482
258	0.000192892
259	0.000230654
260	0.000158449
261	0.000415431
262	0.000108354
263	0.000170589
264	0.000151695
265	0.000302264
266	0.00025115
267	7.22419e-05
268	0.000145743
269	0.000135323
270	9.46657e-05
271	0.000751728
272	0.000504726
273	0.00021177
274	0.000184714
275	0.00023287
276	0.000214224
277	0.000722442
278	0.000231845
279	6.98706e-05
280	0.000486406
281	0.000239906
282	9.11056e-05
283	0.00010624
284	0.000241577
285	0.000513994
286	8.26074e-05
287	5.23857e-05
288	8.05533e-05
289	0.000106045
290	0.000174626
291	0.000410631
292	5.23857e-05
293	9.9485e-05
294	7.89151e-05
295	0.000141218
296	0.000170589
297	0.000277157
298	0.000145627
299	0.000279014
300	0.000123332
301	9.71417e-05
302	0.000272087
303	0.000252578
304	0.000579944
305	6.8789e-05
306	0.00021177
307	0.000114219
308	0.000277604
309	0.00017056
310	0.000269734
311	0.000114162
312	0.000501748
313	0.000411906
314	0.00017323
315	0.00060667
316	6.56123e-05
317	0.000118873
318	0.000147567
319	0.000222833
320	0.000306297
321	9.11924e-05
322	0.00079111
323	0.000431995
324	0.000330187
325	0.000414416
326	0.000349839
327	0.00012466
328	0.00021177
329	0.000398586
330	0.000226433
331	0.000242109
332	0.000478655
333	0.000168257
334	0.000319794
335	5.23857e-05
336	7.43835e-05
337	0.000201008
338	0.000112785
339	0.000353722
340	0.000106201
341	0.000155482
342	0.000367948
343	0.000339297
344	0.000132836
345	0.00019925
346	0.000361882
347	0.000124234
348	0.00231737
349	8.3525e-05
350	0.000215579
351	0.00012657
352	0.000173786
353	0.000610702
354	0.000221294
355	0.000308193
356	8.76577e-05
357	0.000196804
358	4.57395e-05
359	0.000238621
360	0.000308523
361	0.000218138
362	0.000166397
363	0.000596659
364	0.000200834
365	7.48093e-05
366	0.000583713
367	0.000253069
368	0.000243224
369	0.000262471
370	0.000473763
371	7.09191e-05
372	0.000172156
373	0.000637514
374	0.000443234
375	0.000135157
376	0.00089648
377	6.88384e-05
378	0.000404067
379	6.57027e-05
380	0.000138085
381	0.000142741
382	0.00012443
383	8.15257e-05
384	9.36037e-05
385	8.43374e-05
386	9.67981e-05
387	0.000276558
388	0.000261202
389	0.000391417
390	7.81549e-05
391	0.000404047
392	0.000260694
393	0.000159157
394	0.00025203
395	0.00051077
396	0.000232047
397	0.00038239
398	0.000230784
399	0.000179241
400	0.000463185
401	7.31656e-05
402	0.000384824
403	0.00017677
404	0.000337104
405	0.000120895
406	9.02725e-05
407	0.000161105
408	0.000360506
409	0.000236748
410	0.000144531
411	9.03277e-05
412	0.000666127
413	0.00015544
414	0.00178229
415	0.000202965
416	0.000164834
417	0.000396222
418	0.00018936
419	0.000412511
420	0.0002364
421	0.000200433
422	0.000513097
423	0.000387736
424	0.000192877
425	0.000168574
426	0.000158812
427	0.00012951
428	0.000774989
429	0.000123737
430	0.000261628
431	0.000464104
432	0.000383985
433	0.000123438
434	0.000256461
435	0.000119812
436	0.000415998
437	0.000212234
438	0.000461194
439	0.000298566
440	0.000125245
441	0.000179241
442	0.000114995
443	7.0064e-05
444	0.000324499
445	0.000205073
446	0.000148663
447	4.57395e-05
448	5.94805e-05
449	0.000113726
450	0.000191107
451	0.000186032
452	0.000306273
453	0.000143086
454	8.66334e-05
455	0.000321407
456	0.000397894
457	0.000218265
458	0.000209751
459	0.000126381
460	0.000463478
461	0.000358278
462	0.000176057
463	0.00032753
464	0.000113221
465	0.000503052
466	0.000114805
467	0.00010634
468	7.0064e-05
469	0.000216851
470	0.000159268
471	0.000220756
472	9.60315e-05
473	0.00023367
474	0.000181441
475	0.000780848
476	0.00013978
477	0.000141686
478	0.000107616
479	0.000254246
480	0.000102998
481	0.000237117
482	0.000235507
483	0.00129417
484	0.000616645
485	7.89827e-05
486	0.000183867
487	0.000229709
488	0.000200361
489	0.000207472
490	0.000128944
491	0.000113538
492	0.000415284
493	0.000366797
494	0.000171756
495	0.000176531
496	0.000286641
497	0.000539959
498	0.000139425
499	8.37426e-05
500	0.000546021
501	0.000179241
502	0.000112438
503	0.000373394
504	0.000372925
505	0.000154124
506	0.000472971
507	0.00043115
508	0.000158071
509	0.000174816
510	0.000226474
511	0.000208723
512	0.000206167
513	0.000581293
514	0.000416694
515	0.000401479
516	0.000217629
517	0.000632536
518	0.00021109
519	0.000210353
520	0.000338116
521	0.000129178
522	0.000132122
523	0.000305445
524	0.000413624
525	0.000440899
526	0.000465051
527	0.000302283
528	0.000134957
529	0.00011321
530	7.021e-05
531	0.000344873
532	0.000234862
533	9.48096e-05
534	0.000106804
535	0.00011583
536	0.000168094
537	0.000266528
538	0.000529117
539	0.000209575
540	9.50387e-05
541	0.000109652
542	0.000387979
543	0.000196775
544	0.000441519
545	0.000313967
546	0.00024739
547	0.000265013
548	0.000247369
549	0.000109675
550	4.57395e-05
551	0.000192945
552	9.36037e-05
553	0.000569726
554	0.000200516
555	0.000299761
556	0.000344471
557	0.000279064
558	0.000169513
559	0.000518307
560	0.000218596
561	0.000513909
562	7.74351e-05
563	0.000733151
564	0.000205169
565	0.000157025
566	0.000520808
567	0.000479406
568	0.000136583
569	0.000130355
570	0.000262457
571	5.90456e-05
572	0.00010634
573	0.000343713
574	0.000144188
575	0.000149272
576	0.000169682
577	0.000245985
578	0.000266236
579	0.000415297
580	0.000515686
581	8.1158e-05
582	0.000236207
583	0.000276982
584	0.000189017
585	4.66659e-05
586	9.03721e-05
587	0.000108902
588	0.000168755
589	0.000233661
590	0.000150824
591	0.000311588
592	0.000437743
593	7.73689e-05
594	0.000200271
595	0.00021701
596	0.000362221
597	0.000239352
598	0.00018393
599	0.000256895
600	0.000267215
601	0.000191684
602	4.66659e-05
603	0.000204964
604	0.000251146
605	0.000203546
606	0.000537979
607	4.66659e-05
608	4.66659e-05
609	0.000298731
610	6.99988e-05
611	0.00018607
612	0.000176376
613	4.66659e-05
614	0.000223275
615	0.000267381
616	0.000240507
617	0.00028407
618	0.00026731
619	0.000279363
620	0.0002039
621	0.000109466
622	0.000168119
623	0.00019738
624	4.66659e-05
625	0.000236865
626	0.000169599
627	0.000266236
628	0.000151548
629	0.000105091
630	0.000406867
631	0.000148281
632	0.000247319
633	0.000175883
634	0.000149451
635	0.000242299
636	0.000268013
637	0.000665075
638	4.66659e-05
639	0.000136306
640	0.000256318
641	0.000395486
642	8.1158e-05
643	0.000267215
644	0.000261974
645	0.000226997
646	0.000127633
647	0.000217294
648	5.63242e-05
649	8.41901e-05
650	0.000247162
651	0.000454316
652	6.43886e-05
653	0.000292526
654	0.000342423
655	9.16694e-05
656	5.7167e-05
657	0.000107871
658	0.000266236
659	0.000266236
660	6.81364e-05
661	0.000267215
662	0.000266654
663	0.000124733
664	0.000196637
665	0.000209102
666	0.000194949
667	7.36729e-05
668	4.66659e-05
669	0.000237958
670	0.000255906
671	7.01295e-05
672	0.000109375
673	6.43886e-05
674	4.66659e-05
675	0.000256632
676	0.00014286
677	0.000243315
678	0.000283572
679	0.000103514
680	0.000286406
681	0.000257455
682	0.000168632
683	0.000233405
684	0.000226989
685	0.000194068
686	0.00221679
687	0.000299542
688	0.000462367
689	0.000153789
690	0.000119335
691	0.000122063
692	4.82219e-05
693	0.000165653
694	0.000544635
695	0.000411405
696	0.000315177
697	0.000542196
698	0.00129194
699	6.34425e-05
700	0.000103303
701	0.000228826
702	0.000155337
703	0.000449547
704	9.0075e-05
705	0.000686366
706	0.000194663
707	0.00018122
708	0.000333517
709	0.000194385
710	0.000111485
711	0.000221141
712	0.000226164
713	0.000752529
714	0.00024657
715	0.000126041
716	0.000154713
717	0.000117787
718	0.000316913
719	0.000640814
720	0.000227518
721	9.06492e-05
722	0.000169176
723	0.000149305
724	0.00047843
725	0.00015311
726	0.000362248
727	0.0002905
728	0.000395234
729	0.000234359
730	0.000181504
731	0.000267135
732	0.000254306
733	0.000133571
734	0.000268919
735	9.06058e-05
736	0.000231962
737	0.000182154
738	0.000271799
739	0.000324686
740	0.000132511
741	0.000197014
742	0.000188919
743	7.78642e-05
744	5.86938e-05
745	0.000582662
746	0.000162099
747	0.000593312
748	0.000219729
749	7.38261e-05
750	5.83702e-05
751	0.000145856
752	0.000375726
753	0.00019605
754	0.000310463
755	0.00021923
756	0.00013011
757	0.000120491
758	0.000227254
759	0.000131029
760	0.000304716
761	0.000112035
762	0.000155233
763	0.000178925
764	0.000297326
765	0.000169656
766	0.000357688
767	0.000152869
768	0.00022957
769	0.000222403
770	0.000322359
771	0.00025286
772	0.000211416
773	0.00036212
774	0.000395504
775	7.38261e-05
776	0.000233046
777	0.000208339
778	0.000185575
779	0.00020377
780	0.000344478
781	0.000514167
782	0.000220567
783	0.000206636
784	0.00041905
785	7.30978e-05
786	0.000150107
787	0.000314673
788	9.28646e-05
789	0.000226778
790	8.63426e-05
791	0.000137766
792	0.000253452
793	0.000234959
794	0.000167503
795	0.000216463
796	0.000134061
797	0.00028826
798	0.000160636
799	0.000160866
800	0.000401552
801	4.82219e-05
802	0.000106927
803	0.000250115
804	0.000266053
805	0.000659882
806	0.000266811
807	0.000224718
808	0.000125343
809	0.000208025
810	0.000332997
811	0.000147125
812	0.000111222
813	0.000149502
814	0.000276691
815	0.000393074
816	0.000159503
817	0.000266129
818	0.000260084
819	0.000395498
820	0.000390281
821	0.000120168
822	0.000256949
823	0.000559919
824	0.000569748
825	0.000139985
826	0.000139444
827	0.000449994
828	0.000794442
829	0.000374846
830	0.000551667
831	0.000179236
832	8.79434e-05
833	0.0002686
834	0.000420184
835	0.00022376
836	0.000152826
837	0.000161362
838	0.000238908
839	0.000259558
840	0.000294494
841	6.23011e-05
842	0.00037779
843	0.00015711
844	0.000164247
845	0.000247766
846	0.000105442
847	0.000281495
848	0.000258717
849	0.000324396
850	0.000159165
851	7.50037e-05
852	0.000117787
853	0.000437749
854	6.66238e-05
855	0.000117787
856	0.000526293
857	0.000203414
858	0.000152571
859	7.71709e-05
860	6.00577e-05
861	0.000188151
862	0.000295862
863	0.000209584
864	0.000134096
865	9.92688e-05
866	0.000157318
867	0.00022054
868	9.92688e-05
869	0.000125475
870	0.00020693
871	0.000194976
872	0.000194321
873	0.000169805
874	0.000194321
875	5.32872e-05
876	0.000209584
877	0.000122613
878	0.000192431
879	0.00018166
880	0.000116282
881	0.000205976
882	0.000159927
883	5.32872e-05
884	0.000119936
885	0.000252886
886	0.000164344
887	0.000169805
888	0.000174815
889	0.000242569
890	0.000126478
891	5.32872e-05
892	5.32872e-05
893	0.00011304
894	0.000130894
895	0.000179782
896	0.00058564
897	0.000249039
898	0.000207218
899	6.81371e-05
900	0.000124369
901	0.000269712
902	0.000226075
903	0.000267865
904	8.56409e-05
905	0.00013454
906	0.000251041
907	8.64243e-05
908	0.000283609
909	0.000171218
910	9.74445e-05
911	4.27409e-05
912	0.000126189
913	0.000256085
914	0.000123963
915	0.000227555
916	0.000431457
917	0.000728036
918	4.27409e-05
919	0.000168408
920	9.99196e-05
921	0.000329642
922	0.000149104
923	0.000101465
924	0.000313381
925	0.000495306
926	0.000103406
927	0.000252444
928	0.000112606
929	8.61924e-05
930	0.00032554
931	0.000136201
932	0.000220789
933	0.000158124
934	0.000253802
935	7.47757e-05
936	0.000236821
937	9.55636e-05
938	0.000232563
939	0.000166504
940	0.000139157
941	0.000286702
942	0.00032803
943	0.000119186
944	0.000260588
945	5.78279e-05
946	0.000491542
947	0.000353914
948	0.000244914
949	0.00017777
950	0.000113764
951	0.00016576
952	0.000253682
953	0.000341792
954	0.00028387
955	0.000158161
956	0.000152091
957	0.000310225
958	0.000199194
959	0.000167497
960	0.000326683
961	0.000141861
962	0.000196323
963	0.000260578
964	0.000206277
965	0.000132809
966	0.00033718
967	0.000343397
968	0.00024268
969	0.00018164
970	0.000153644
971	0.000195746
972	9.80337e-05
973	0.000144191
974	0.000117338
975	0.00026113
976	0.00016761
977	0.000203311
978	0.000330843
979	0.000155766
980	0.000399162
981	0.000230998
982	0.000243339
983	0.00020435
984	0.000221505
985	9.24456e-05
986	0.000106656
987	9.07371e-05
988	0.000206507
989	0.000183382
990	0.000265875
991	0.000160923
992	0.000246625
993	0.000451177
994	0.000165202
995	0.000263111
996	7.08875e-05
997	0.000297876
998	7.88639e-05
999	0.000240912
1000	0.000175104
1001	0.000238431
1002	0.000113178
1003	0.000306867
1004	0.000353716
1005	0.000126887
1006	0.000422709
1007	0.000115426
1008	9.36584e-05
1009	0.000278851
1010	0.000270233
1011	0.000233338
1012	0.000196894
1013	0.000121988
1014	0.000476878
1015	0.000186721
1016	0.000144568
1017	0.000439771
1018	0.000259981
1019	0.000281513
1020	0.000292809
1021	0.000292621
1022	5.91558e-05
1023	0.000108917
1024	0.000284879
1025	0.000196221
1026	0.000266294
1027	8.84498e-05
1028	0.000216481
1029	0.000314086
1030	0.000172095
1031	6.62362e-05
1032	0.000395529
1033	0.000170637
1034	5.65029e-05
1035	0.000193321
1036	0.000277991
1037	0.000259843
1038	6.96156e-05
1039	0.000110878
1040	0.000221073
1041	0.000339732
1042	0.000126351
1043	0.000177715
1044	0.000154094
1045	0.000162644
1046	8.96445e-05
1047	0.00022478
1048	0.000337207
1049	0.000272908
1050	0.000127391
1051	0.000302645
1052	0.000402288
1053	0.000114967
1054	0.000194448
1055	0.000141176
1056	0.000225878
1057	8.94828e-05
1058	8.51088e-05
1059	0.000480727
1060	0.000251225
1061	0.000120983
1062	0.000178141
1063	0.00010047
1064	0.000236523
1065	5.11925e-05
1066	0.000340792
1067	0.000356481
1068	0.000179209
1069	9.90617e-05
1070	0.000509043
1071	8.06715e-05
1072	0.000199238
1073	0.00011121
1074	0.000226755
1075	0.000267299
1076	0.000411511
1077	0.000139863
1078	0.000519403
1079	0.000359414
1080	0.000356061
1081	0.000169538
1082	0.00027414
1083	0.000322619
1084	8.65339e-05
1085	0.000592154
1086	0.000670008
1087	0.00010461
1088	0.000152883
1089	0.000137917
1090	0.000130469
1091	0.000112672
1092	0.00018053
1093	9.32054e-05
1094	0.000112121
1095	0.000165407
1096	4.27409e-05
1097	0.00028596
1098	0.000228367
1099	0.000286183
1100	0.000305223
1101	0.000366394
1102	0.000262721
1103	8.0928e-05
1104	0.000506155
1105	0.000113178
1106	0.000213714
1107	0.000409218
1108	0.000226503
1109	0.000271555
1110	0.000268874
1111	0.000142441
1112	0.000186123
1113	0.000293693
1114	0.000252947
1115	0.000186186
1116	0.000119232
1117	0.000365307
1118	0.000276947
1119	4.27409e-05
1120	0.000253659
1121	0.000181696
1122	0.000304211
1123	0.000252662
1124	0.000412618
1125	0.000344999
1126	0.000578754
1127	0.00019844
1128	0.000325829
1129	0.000289358
1130	0.000221133
1131	0.000239421
1132	0.000410921
1133	8.4012e-05
1134	0.000126179
1135	0.000238661
1136	0.000304825
1137	0.000236011
1138	0.000205788
1139	0.000184059
1140	9.97491e-05
1141	0.000152118
1142	0.000217225
1143	0.000101023
1144	0.000210506
1145	4.27409e-05
1146	0.000440317
1147	6.34794e-05
1148	0.00031471
1149	0.000312778
1150	0.000127622
1151	6.70959e-05
1152	0.000124883
1153	0.000403171
1154	0.000106584
1155	0.000271234
1156	0.000302182
1157	7.40398e-05
1158	0.000316295
1159	0.000380723
1160	0.000282524
1161	0.000151315
1162	9.71055e-05
1163	0.00030044
1164	0.000112733
1165	0.000233876
1166	0.000305924
1167	0.000201582
1168	8.09292e-05
1169	0.000156288
1170	0.00022526
1171	0.000239219
1172	0.000337397
1173	0.000398
1174	0.000187944
1175	0.000403546
1176	4.70448e-05
1177	0.000201741
1178	0.000137846
1179	0.000281222
1180	0.000160543
1181	0.000268062
1182	0.000233405
1183	0.000232743
1184	0.000456619
1185	0.000446721
1186	0.000151443
1187	0.000186043
1188	0.000228781
1189	0.000272044
1190	0.000198966
1191	0.000335477
1192	0.000447786
1193	0.000126933
1194	0.000101197
1195	0.000177852
1196	0.000125725
1197	0.00018194
1198	0.000251067
1199	0.000619212
1200	7.27936e-05
1201	0.000194563
1202	0.000159604
1203	0.00010611
1204	0.00049718
1205	0.000312771
1206	4.27409e-05
1207	0.000232453
1208	9.08414e-05
1209	0.000245067
1210	0.000264475
1211	0.00050064
1212	0.00021902
1213	0.000170637
1214	0.000371132
1215	0.000237694
1216	0.000281995
1217	0.000286194
1218	0.000164113
1219	0.000185685
1220	7.60537e-05
1221	0.00037321
1222	0.000440773
1223	0.000157807
1224	6.70058e-05
1225	0.000220012
1226	0.000246373
1227	0.000392387
1228	0.000186211
1229	0.000237567
1230	0.000370781
1231	0.000351654
1232	0.00023431
1233	4.94341e-05
1234	0.00014132
1235	0.00049943
1236	0.000316071
1237	0.000351554
1238	0.000459044
1239	6.49111e-05
1240	0.000142152
1241	0.000140221
1242	0.000285785
1243	0.000343802
1244	0.000113331
1245	0.000212157
1246	0.000234453
1247	0.000159975
1248	9.41414e-05
1249	0.00013242
1250	0.000401809
1251	0.000132133
1252	7.17502e-05
1253	8.06715e-05
1254	0.000110902
1255	0.000378571
1256	0.000402216
1257	0.000266193
1258	0.000274725
1259	0.000338604
1260	0.000262333
1261	0.000342118
1262	4.53399e-05
1263	6.65674e-05
1264	8.34269e-05
1265	0.000129378
1266	0.000141554
1267	0.000347738
1268	0.000125069
1269	0.000373949
1270	5.61476e-05
1271	0.000293648
1272	0.000280139
1273	0.000338407
1274	0.000224078
1275	0.000375108
1276	4.53648e-05
1277	0.000576382
1278	0.00014401
1279	0.000218968
1280	0.000254045
1281	0.00021858
1282	0.000339499
1283	0.00024707
1284	0.000292249
1285	0.000187203
1286	0.000136442
1287	0.00020714
1288	0.000282139
1289	0.000257581
1290	0.000275601
1291	0.000334361
1292	0.000266913
1293	0.000162383
1294	0.000158478
1295	8.20997e-05
1296	0.000183915
1297	9.92654e-05
1298	0.000332207
1299	0.000222767
1300	0.000204165
1301	8.0216e-05
1302	0.000315791
1303	0.000251341
1304	0.000299094
1305	0.00034091
1306	0.000192313
1307	0.000287223
1308	0.000171103
1309	0.000224148
1310	0.000196957
1311	0.000182284
1312	0.000272419
1313	0.000219389
1314	0.000211463
1315	0.000220656
1316	0.000176999
1317	0.00021656
1318	0.000256291
1319	0.000219328
1320	0.00038393
1321	0.000165242
1322	0.000423651
1323	0.000246201
1324	0.000217693
1325	0.000181132
1326	5.78146e-05
1327	0.000257203
1328	0.000203918
1329	0.000413393
1330	0.000372215
1331	0.000429526
1332	0.000270949
1333	0.000261801
1334	0.000362933
1335	0.000373052
1336	0.000181206
1337	0.000272105
1338	0.000437004
1339	0.000306133
1340	0.000204254
1341	0.000362555
1342	0.00010069
1343	0.000257357
1344	0.000284732
1345	0.000448728
1346	6.39264e-05
1347	0.00036366
1348	0.000266199
1349	0.00027139
1350	0.000177638
1351	0.000213136
1352	0.000683864
1353	6.61842e-05
1354	7.08967e-05
1355	0.000258494
1356	0.000184897
1357	0.00022546
1358	0.000456589
1359	0.000269604
1360	0.000336116
1361	0.000429119
1362	5.51024e-05
1363	0.000178885
1364	0.000100248
1365	0.000147533
1366	0.000423747
1367	0.000485043
1368	0.000158161
1369	0.000275692
1370	0.000333466
1371	0.00028395
1372	8.68352e-05
1373	0.000379985
1374	0.000264113
1375	0.000235589
1376	0.000529843
1377	0.000563625
1378	0.000255053
1379	0.000247433
1380	0.000258768
1381	0.000148441
1382	0.000217461
1383	6.71125e-05
1384	0.000136015
1385	0.000129154
1386	4.27409e-05
1387	0.000127852
1388	0.000263728
1389	0.000162904
1390	0.000553298
1391	0.000506708
1392	0.000190713
1393	0.000207528
1394	6.00022e-05
1395	4.80918e-05
1396	0.000277171
1397	0.000118605
1398	0.00016271
1399	0.000515052
1400	0.000155955
1401	7.76559e-05
1402	0.000233308
1403	0.000144568
1404	0.000242115
1405	0.00027522
1406	0.00018385
1407	0.000149562
1408	0.000224293
1409	0.00034285
1410	0.000207617
1411	7.87136e-05
1412	0.000163394
1413	0.000289384
1414	7.1301e-05
1415	0.000231621
1416	0.000332124
1417	5.71789e-05
1418	0.000152956
1419	0.000192374
1420	0.000449719
1421	0.000228407
1422	0.000116698
1423	0.00029181
1424	0.000176472
1425	0.000243713
1426	0.000306189
1427	0.00038413
1428	0.000220329
1429	0.000222665
1430	4.92962e-05
1431	0.000671154
1432	0.000267508
1433	0.000220817
1434	0.000137504
1435	0.000273663
1436	0.000198916
1437	0.000219032
1438	0.00017746
1439	9.28813e-05
1440	0.000166211
1441	0.00015746
1442	7.93792e-05
1443	0.000100345
1444	0.000211709
1445	0.000105136
1446	0.000231761
1447	0.000435495
1448	0.000257728
1449	0.000293636
1450	0.000202625
1451	0.000170384
1452	0.000270626
1453	0.000211278
1454	0.000266199
1455	6.99734e-05
1456	0.000388768
1457	0.000201977
1458	0.000148381
1459	0.000473357
1460	0.000183322
1461	8.92797e-05
1462	0.000389871
1463	6.83586e-05
1464	0.000179185
1465	0.000358031
1466	4.27409e-05
1467	0.000385965
1468	0.000249044
1469	0.000418302
1470	0.000246753
1471	0.000513436
1472	0.000585674
1473	0.000338886
1474	7.27724e-05
1475	0.000344473
1476	7.40384e-05
1477	0.000104341
1478	0.000159095
1479	0.000391228
1480	0.000317501
1481	0.000131142
1482	0.000334432
1483	0.00030757
1484	0.000105455
1485	0.000175291
1486	9.17733e-05
1487	0.000353678
1488	0.000400503
1489	0.000138873
1490	8.67639e-05
1491	0.000364261
1492	0.000117111
1493	0.000212699
1494	0.000251232
1495	0.000332467
1496	0.00032602
1497	0.000191075
1498	6.5582e-05
1499	0.000186575
1500	0.000208209
1501	0.000111231
1502	0.000355114
1503	0.000171812
1504	0.000380711
1505	0.000524968
1506	7.95843e-05
1507	0.000267443
1508	0.00018003
1509	0.000400496
1510	6.13283e-05
1511	0.00027273
1512	0.000224509
1513	0.00020705
1514	0.000224893
1515	0.00034358
1516	0.0004508
1517	0.000136079
1518	0.000130663
1519	0.00015512
1520	0.000362721
1521	6.87718e-05
1522	0.000456653
1523	0.000262236
1524	0.000146423
1525	0.000358112
1526	0.000157305
1527	0.000103901
1528	0.000247262
1529	0.000288303
1530	0.000306666
1531	0.000182266
1532	0.000142237
1533	0.000275516
1534	0.000281403
1535	0.000219837
1536	0.000535634
1537	0.000163537
1538	0.000234083
1539	0.000246953
1540	0.000311533
1541	0.000238058
1542	0.000184394
1543	0.000222075
1544	0.00014201
1545	0.000312031
1546	6.81387e-05
1547	0.000353543
1548	0.000303868
1549	0.000343183
1550	0.00019496
1551	0.000494985
1552	9.45272e-05
1553	0.000235855
1554	0.00046983
1555	0.000318852
1556	0.000107779
1557	0.000445744
1558	5.06217e-05
1559	0.000540016
1560	4.27409e-05
1561	0.000182432
1562	0.000126877
1563	0.000343961
1564	0.000157376
1565	0.000276805
1566	0.00017443
1567	0.000295772
1568	0.000232602
1569	0.000299499
1570	0.000379978
1571	0.00021795
1572	0.00015504
1573	0.000418644
1574	0.000418919
1575	0.000140583
1576	0.000314082
1577	0.000532126
1578	0.000188082
1579	7.20639e-05
1580	0.00026017
1581	4.27409e-05
1582	0.000219081
1583	0.00044901
1584	0.000646497
1585	0.000183607
1586	8.96445e-05
1587	0.000256476
1588	0.000218749
1589	0.000583519
1590	0.000314726
1591	0.000481025
1592	0.000141158
1593	0.000293209
1594	0.00012111
1595	0.000204539
1596	0.0003614
1597	0.000336617
1598	0.000411984
1599	0.000115637
1600	0.000355429
1601	0.000255086
1602	0.000102947
1603	0.000418572
1604	0.000455719
1605	0.000278857
1606	0.000201531
1607	9.59393e-05
1608	0.000351238
1609	0.000289833
1610	0.000512639
1611	0.00034153
1612	0.000545727
1613	0.000523581
1614	0.000234
1615	0.000227155
1616	0.000311108
1617	0.000349344
1618	0.000126421
1619	0.000340132
1620	0.000432593
1621	0.000552548
1622	0.000514599
1623	0.00029961
1624	0.000257102
1625	0.000175472
1626	0.000215916
1627	8.84498e-05
1628	0.000386371
1629	0.000185882
1630	0.000418959
1631	8.7026e-05
1632	0.000248196
1633	0.000173548
1634	0.000275855
1635	0.000181903
1636	0.000359431
1637	0.000321963
1638	0.000184031
1639	0.000267995
1640	0.000102036
1641	0.000144514
1642	0.00027441
1643	0.000299271
1644	0.000231758
1645	0.000342468
1646	0.000123376
1647	0.000246882
1648	0.000206041
1649	0.000197773
1650	0.000171549
1651	5.1231e-05
1652	0.000251436
1653	0.000230967
1654	9.03247e-05
1655	0.000271899
1656	0.000286075
1657	9.74445e-05
1658	0.000127385
1659	0.000256851
1660	0.000185091
1661	0.000390577
1662	0.000421453
1663	0.000679764
1664	9.30193e-05
1665	0.000371859
1666	0.000313823
1667	0.000223569
1668	0.000358217
1669	0.000401711
1670	0.000101706
1671	0.000231678
1672	0.000205563
1673	0.000256437
1674	0.000184399
1675	0.000375417
1676	0.000175433
1677	0.000229403
1678	0.000143989
1679	0.000183576
1680	0.000301559
1681	0.000187925
1682	0.000195129
1683	0.000387395
1684	0.00630849
1685	0.000293811
1686	0.000238518
1687	0.000384832
1688	0.000339639
1689	0.00036502
1690	4.82932e-05
1691	0.000287692
1692	0.000312721
1693	8.01154e-05
1694	0.000246632
1695	0.000202555
1696	0.000119669
1697	8.10035e-05
1698	0.00017614
1699	0.000272552
1700	9.06178e-05
1701	0.000102809
1702	0.000261606
1703	0.000476355
1704	0.000162738
1705	0.00025696
1706	0.000231459
1707	0.00052558
1708	0.000116062
1709	0.000418587
1710	8.52818e-05
1711	7.88632e-05
1712	0.000314446
1713	6.63251e-05
1714	0.000527945
1715	0.000307416
1716	0.000290368
1717	0.00041073
1718	0.00052733
1719	0.000185961
1720	0.000252771
1721	0.000340514
1722	0.000216577
1723	0.000167384
1724	0.000207594
1725	0.000375913
1726	0.000192995
1727	0.000211698
1728	0.00017172
1729	0.000401146
1730	0.000676
1731	9.59007e-05
1732	0.000250701
1733	0.000297298
1734	0.000175869
1735	0.000328167
1736	0.000448824
1737	0.000243701
1738	0.000180861
1739	0.000139203
1740	0.000234923
1741	0.000320202
1742	0.000386786
1743	0.00020487
1744	0.000239694
1745	0.000145823
1746	0.000577748
1747	0.000186828
1748	0.000119862
1749	0.000135501
1750	0.000374358
1751	0.000259788
1752	0.000339867
1753	0.000259369
1754	0.000197806
1755	4.69181e-05
1756	0.000138824
1757	0.000382901
1758	0.000244515
1759	8.50164e-05
1760	7.09875e-05
1761	0.000419106
1762	6.52113e-05
1763	0.000209902
1764	0.000142278
1765	0.000238761
1766	0.000255364
1767	0.000235759
1768	0.000629232
1769	0.000115784
1770	0.000329589
1771	9.59921e-05
1772	0.000204745
1773	0.00016406
1774	0.000174786
1775	6.22962e-05
1776	9.74445e-05
1777	6.96874e-05
1778	0.000254067
1779	0.000172426
1780	0.000131797
1781	0.000187999
1782	0.000230478
1783	0.000653735
1784	0.000152415
1785	0.000239462
1786	0.000464213
1787	0.000295574
1788	0.00015256
1789	0.000309905
1790	0.000223233
1791	0.000404395
1792	8.19074e-05
1793	0.000418463
1794	0.000340793
1795	0.000271767
1796	0.000222009
1797	7.49504e-05
1798	0.000270813
1799	0.000439304
1800	0.000714192
1801	0.00016459
1802	0.000117547
1803	0.000237041
1804	0.000557641
1805	0.000123255
1806	0.000288496
1807	0.000311053
1808	0.000159018
1809	0.000340191
1810	0.00030552
1811	0.000211893
1812	0.000226696
1813	0.000489534
1814	0.000111439
1815	0.000183601
1816	0.000377823
1817	0.00011397
1818	0.000182732
1819	0.000282701
1820	0.00033759
1821	0.000109236
1822	0.000134259
1823	0.000374956
1824	0.000292204
1825	0.000269431
1826	0.000303529
1827	0.000598573
1828	0.000304707
1829	0.000144577
1830	0.000119069
1831	0.000331842
1832	0.000163002
1833	0.000544079
1834	4.27409e-05
1835	0.000556501
1836	0.000118835
1837	0.000300207
1838	0.000103334
1839	0.000479046
1840	0.000129163
1841	0.000241842
1842	0.000355127
1843	0.000154539
1844	0.000414405
1845	0.000334813
1846	0.000173309
1847	0.000218679
1848	0.000195137
1849	0.000345989
1850	0.00018381
1851	0.000181157
1852	0.000145423
1853	0.000101506
1854	5.54825e-05
1855	7.38754e-05
1856	5.64781e-05
1857	0.000344379
1858	0.000207195
1859	0.000229579
1860	0.000157616
1861	0.000337383
1862	0.000267831
1863	0.000227418
1864	0.000329928
1865	8.26397e-05
1866	0.000281175
1867	0.000376095
1868	0.00036248
1869	0.00012892
1870	0.000157645
1871	0.000402263
1872	0.000253696
1873	0.000205636
1874	7.5507e-05
1875	0.000158204
1876	0.000380478
1877	0.000211837
1878	0.000226264
1879	0.000429007
1880	0.000256088
1881	0.000297439
1882	0.000311257
1883	0.000120913
1884	0.000169923
1885	0.000160291
1886	0.000324717
1887	8.48538e-05
1888	0.000728706
1889	0.000214979
1890	0.000145752
1891	0.000236004
1892	0.00011704
1893	0.000404094
1894	0.000324133
1895	0.000290732
1896	0.000133342
1897	0.000224668
1898	0.000307423
1899	0.000376532
1900	0.000115948
1901	0.000125683
1902	0.000386025
1903	0.000205706
1904	0.000223482
1905	0.000121753
1906	0.000169838
1907	0.000167023
1908	0.00011216
1909	0.000258102
1910	0.00025381
1911	0.000236755
1912	0.00381655
1913	0.000105104
1914	0.000247517
1915	0.000124774
1916	0.000261989
1917	0.00035324
1918	0.000303372
1919	0.000285357
1920	0.000368521
1921	0.00021197
1922	0.00015465
1923	0.000257734
1924	7.48184e-05
1925	0.000246172
1926	0.000461701
1927	0.000282712
1928	0.00013767
1929	0.000284879
1930	0.000120383
1931	0.000209348
1932	0.000291106
1933	0.000119983
1934	0.000125275
1935	0.00026006
1936	0.000203149
1937	7.31573e-05
1938	0.000351264
1939	0.000262003
1940	0.000289005
1941	0.000539258
1942	0.00012696
1943	0.000359847
1944	0.000164114
1945	0.000442638
1946	0.000354215
1947	0.00037411
1948	0.000328297
1949	9.60647e-05
1950	9.43625e-05
1951	0.00032347
1952	9.19768e-05
1953	0.000239197
1954	0.000329639
1955	0.000289725
1956	0.000148036
1957	0.000213473
1958	0.000189844
1959	0.000370742
1960	0.000351955
1961	0.000111145
1962	0.00034749
1963	0.000180108
1964	0.000532056
1965	0.000157806
1966	0.000336408
1967	4.82828e-05
1968	0.00018811
1969	4.97473e-05
1970	0.000264309
1971	0.000330245
1972	0.000343577
1973	0.00031839
1974	8.54507e-05
1975	0.000296807
1976	0.00021204
1977	9.04059e-05
1978	0.000143773
1979	0.000330415
1980	0.000298046
1981	0.000195626
1982	0.000116548
1983	0.000383152
1984	0.000336359
1985	0.000444511
1986	0.000293967
1987	0.000142965
1988	0.000209493
1989	0.000182772
1990	0.000182976
1991	0.00025709
1992	0.000159124
1993	0.000382345
1994	0.000207039
1995	0.000320896
1996	7.95055e-05
1997	0.000259421
1998	0.000279458
1999	0.000185425
2000	0.000183583
2001	0.000303023
2002	0.000272294
2003	0.000182633
2004	0.000259807
2005	0.000292862
2006	0.000272569
2007	0.000495866
2008	8.55684e-05
2009	0.000232045
2010	0.000265463
2011	0.00021358
2012	0.000102972
2013	7.76145e-05
2014	8.4239e-05
2015	8.37037e-05
2016	0.000116118
2017	0.000126918
2018	0.000283027
2019	9.07562e-05
2020	0.000297649
2021	9.10603e-05
2022	0.000258749
2023	0.000211283
2024	0.000271151
2025	0.000171892
2026	0.000283854
2027	0.000231488
2028	0.000328121
2029	0.000171551
2030	0.000347248
2031	0.000260834
2032	0.000448274
2033	0.000323147
2034	0.000145281
2035	0.000248864
2036	0.000139052
2037	0.000349215
2038	0.000429176
2039	0.000340959
2040	0.00029723
2041	0.000132476
2042	0.000302083
2043	0.000325622
2044	9.41604e-05
2045	0.000327655
2046	0.000239353
2047	0.000830491
2048	9.63609e-05
2049	0.000306466
2050	0.000139754
2051	0.000119606
2052	0.000325907
2053	0.00035155
2054	0.000494578
2055	0.000160672
2056	0.00025406
2057	0.000155513
2058	0.000178012
2059	0.000355351
2060	0.000225634
2061	0.000255409
2062	0.000249234
2063	0.000272604
2064	0.000347539
2065	0.000104088
2066	8.19325e-05
2067	0.000117805
2068	0.000433278
2069	0.000327431
2070	0.00013044
2071	0.0003696
2072	0.000399017
2073	0.000361998
2074	0.000302714
2075	0.000176257
2076	0.000172662
2077	0.000243737
2078	0.000379068
2079	4.14347e-05
2080	9.77236e-05
2081	0.000520242
2082	0.000164694
2083	0.000280817
2084	0.000288815
2085	0.000191541
2086	0.000262117
2087	0.000478147
2088	0.000370091
2089	0.000203341
2090	0.00034967
2091	0.00028262
2092	0.000141844
2093	0.000336257
2094	0.000134579
2095	0.000292753
2096	0.000104113
2097	0.000207307
2098	0.000230686
2099	0.000117924
2100	9.48077e-05
2101	0.000245425
2102	0.000413335
2103	0.00034702
2104	0.000335437
2105	0.000120801
2106	0.000103085
2107	0.000307529
2108	0.000306086
2109	0.000259098
2110	0.000164323
2111	0.000560011
2112	0.000303644
2113	0.000142081
2114	0.000145034
2115	0.000261811
2116	0.000312143
2117	0.000485669
2118	0.000348651
2119	0.000149799
2120	0.000222529
2121	0.000299304
2122	0.000276546
2123	0.000376611
2124	0.000316329
2125	0.000372037
2126	0.000449101
2127	0.000356327
2128	0.000310041
2129	0.000330675
2130	0.000114919
2131	0.000369521
2132	0.000305943
2133	0.000576417
2134	0.00027087
2135	0.000277566
2136	0.000160532
2137	0.000162772
2138	0.00041992
2139	0.000330733
2140	0.000319515
2141	0.000135479
2142	0.000436102
2143	0.000342222
2144	0.000253649
2145	0.000246551
2146	0.000218106
2147	0.000132786
2148	0.000283651
2149	0.00039726
2150	0.00036082
2151	0.000269614
2152	0.000186391
2153	0.00041559
2154	0.000303523
2155	0.00017806
2156	0.000266826
2157	0.000208944
2158	0.000105912
2159	0.000252073
2160	0.00022669
2161	0.000271975
2162	0.000140581
2163	0.000123632
2164	0.00019166
2165	0.000252182
2166	9.4088e-05
2167	0.000103249
2168	8.18275e-05
2169	0.000337579
2170	0.000179487
2171	0.00033196
2172	0.000361027
2173	0.000264801
2174	0.000386401
2175	7.14337e-05
2176	0.000421553
2177	7.22659e-05
2178	6.58964e-05
2179	0.000193713
2180	0.000347629
2181	0.000170668
2182	7.34102e-05
2183	0.00040224
2184	0.00034904
2185	9.41155e-05
2186	0.000116178
2187	0.000444609
2188	0.000360716
2189	0.00033533
2190	0.000313536
2191	0.000272757
2192	0.000219041
2193	0.000140345
2194	0.00033454
2195	4.14347e-05
2196	0.000334338
2197	0.000188604
2198	0.000190738
2199	0.000548414
2200	0.000324881
2201	0.00035137
2202	0.00025493
2203	0.000327187
2204	9.53368e-05
2205	9.16073e-05
2206	0.00038903
2207	0.000193487
2208	9.32709e-05
2209	0.00017902
2210	0.000205899
2211	0.000272648
2212	0.000267425
2213	0.000207142
2214	0.000184983
2215	0.000198179
2216	0.000257597
2217	0.000172859
2218	0.000382949
2219	6.06524e-05
2220	0.000359868
2221	0.000167191
2222	0.000190496
2223	0.0003622
2224	0.000393266
2225	0.000225284
2226	0.000226292
2227	9.58389e-05
2228	0.000265691
2229	0.000396071
2230	6.861e-05
2231	0.00029443
2232	0.000290228
2233	0.000429316
2234	0.000107821
2235	0.000256415
2236	0.000311512
2237	0.000242366
2238	0.00014035
2239	0.000160402
2240	0.000373914
2241	0.000362814
2242	0.000194986
2243	0.000206013
2244	0.000369849
2245	0.000132953
2246	0.000303278
2247	0.000390314
2248	0.000167259
2249	0.000102415
2250	0.000350915
2251	0.000106707
2252	6.84412e-05
2253	0.000297069
2254	0.000290398
2255	0.000118088
2256	7.75073e-05
2257	0.000294746
2258	0.000121748
2259	0.000220646
2260	0.000182603
2261	0.000249507
2262	7.94995e-05
2263	0.000114803
2264	0.000245699
2265	0.00010039
2266	0.000463726
2267	0.000270722
2268	0.000444287
2269	4.14347e-05
2270	0.000101434
2271	0.000337035
2272	0.000152475
2273	0.000287384
2274	0.000141131
2275	0.000342973
2276	0.000292146
2277	0.000147615
2278	0.000334398
2279	0.000389789
2280	0.000208427
2281	0.0001646
2282	0.000476034
2283	0.000518768
2284	0.000290924
2285	0.000187012
2286	0.000208407
2287	0.000154896
2288	0.000101544
2289	0.000565502
2290	0.000339555
2291	0.000123219
2292	0.000433346
2293	0.000179295
2294	0.000383245
2295	0.000102365
2296	0.000188365
2297	0.000208872
2298	9.75845e-05
2299	0.000292446
2300	0.000264459
2301	0.000164419
2302	0.000386432
2303	0.000102562
2304	0.000234554
2305	8.52013e-05
2306	0.000222995
2307	0.00026787
2308	0.00029366
2309	0.000377853
2310	0.000122498
2311	0.000126364
2312	9.67451e-05
2313	0.000729986
2314	0.000172065
2315	0.000233502
2316	0.000118124
2317	0.000313311
2318	0.000196348
2319	0.000375995
2320	0.000167196
2321	0.000118763
2322	0.000286827
2323	0.000340197
2324	0.000376525
2325	0.000335684
2326	0.000335026
2327	0.000392874
2328	0.000511332
2329	0.000243254
2330	0.000168277
2331	0.000354437
2332	0.000318431
2333	0.000489119
2334	0.000278831
2335	0.000284026
2336	0.000453465
2337	0.000193084
2338	0.000329152
2339	0.000342816
2340	0.000366495
2341	0.000243786
2342	0.000260778
2343	0.000251702
2344	0.000381849
2345	0.00022812
2346	0.000198186
2347	0.000637903
2348	0.000287623
2349	0.000180699
2350	0.000105204
2351	0.000334219
2352	0.000313629
2353	0.000180543
2354	0.000330022
2355	0.000138982
2356	0.000319388
2357	0.000145618
2358	7.67428e-05
2359	0.000277322
2360	0.000131414
2361	0.000361636
2362	0.000137429
2363	0.000312581
2364	0.000331581
2365	0.000282173
2366	0.000194968
2367	0.000210512
2368	0.000269723
2369	0.000365796
2370	0.000297263
2371	0.000296726
2372	0.000327249
2373	0.000128642
2374	0.000313078
2375	9.68185e-05
2376	0.000342073
2377	0.000298282
2378	0.000258409
2379	0.000161513
2380	5.60762e-05
2381	0.00032767
2382	5.56039e-05
2383	8.62954e-05
2384	0.000580918
2385	0.000203648
2386	0.000266071
2387	0.000155603
2388	8.2659e-05
2389	0.000143255
2390	0.000179364
2391	0.000185052
2392	0.000192247
2393	0.000116562
2394	0.000306048
2395	0.00033838
2396	0.000238592
2397	0.00029721
2398	0.000344935
2399	0.000268338
2400	0.000103869
2401	0.000184785
2402	0.000148175
2403	0.000158088
2404	0.000326364
2405	0.000187826
2406	0.000209834
2407	0.000185362
2408	0.000288776
2409	0.000333606
2410	0.000390747
2411	0.000276368
2412	0.000290738
2413	9.97811e-05
2414	0.000341194
2415	0.000159414
2416	0.000188712
2417	0.000253279
2418	0.000228824
2419	0.000374386
2420	0.000251134
2421	0.000173997
2422	8.70857e-05
2423	0.000309703
2424	0.000118108
2425	0.000189873
2426	0.000163871
2427	9.31384e-05
2428	0.000360994
2429	0.000199799
2430	0.00028119
2431	8.79058e-05
2432	0.000127791
2433	0.000284376
2434	0.000301559
2435	0.000157652
2436	0.00029398
2437	0.000117523
2438	0.000240875
2439	0.000149721
2440	0.000270776
2441	7.47117e-05
2442	4.51307e-05
2443	0.000139313
2444	0.000165914
2445	0.000230368
2446	0.000302874
2447	0.000253563
2448	0.000285028
2449	0.000140743
2450	0.000162654
2451	0.00033896
2452	8.02818e-05
2453	0.000125552
2454	7.73066e-05
2455	0.00016184
2456	0.000133357
2457	4.14347e-05
2458	0.000310195
2459	0.000236225
2460	0.000317584
2461	0.000383814
2462	0.00020788
2463	0.000382269
2464	0.000372162
2465	0.000198746
2466	0.000120218
2467	0.000251269
2468	0.000372452
2469	0.00025917
2470	4.14347e-05
2471	0.000398224
2472	0.000270322
2473	0.00019924
2474	0.000219977
2475	0.00030544
2476	0.000116727
2477	0.000222782
2478	0.00023278
2479	0.000170215
2480	0.000149092
2481	7.15446e-05
2482	0.000304211
2483	8.60941e-05
2484	0.000245723
2485	0.000263621
2486	0.000180139
2487	0.0001646
2488	0.000325579
2489	0.000218009
2490	0.00014517
2491	0.00037453
2492	0.000331271
2493	6.02763e-05
2494	0.000214104
2495	0.000276484
2496	9.62948e-05
2497	0.000221234
2498	0.000317175
2499	0.000216657
2500	0.000335612
2501	0.000252017
2502	0.00016867
2503	0.000150457
2504	0.000286274
2505	7.44455e-05
2506	0.000249029
2507	0.000375019
2508	0.000306314
2509	0.000418166
2510	0.000423898
2511	0.000424006
2512	0.000320313
2513	0.000153317
2514	8.44541e-05
2515	0.000138486
2516	0.000279978
2517	6.91245e-05
2518	0.00017277
2519	0.000134579
2520	0.00031143
2521	0.000272001
2522	7.85377e-05
2523	0.000153811
2524	6.36184e-05
2525	0.00017419
2526	0.000385058
2527	9.53699e-05
2528	0.000115774
2529	0.000156011
2530	0.000118087
2531	0.000121404
2532	0.000211325
2533	0.00030579
2534	0.000167728
2535	0.000186108
2536	0.000147858
2537	0.000306766
2538	0.000284265
2539	0.000267569
2540	0.000243235
2541	5.56039e-05
2542	0.000377679
2543	0.000681418
2544	0.000123995
2545	7.12748e-05
2546	0.000276366
2547	0.000183976
2548	0.00012125
2549	0.000300786
2550	0.000317575
2551	0.000300575
2552	0.000222404
2553	0.000327983
2554	0.000190218
2555	0.000409478
2556	0.000254963
2557	0.000163528
2558	0.000289172
2559	0.000308929
2560	0.000387023
2561	0.000297195
2562	0.000141617
2563	0.000219449
2564	0.000351592
2565	7.95055e-05
2566	0.000158657
2567	0.000349067
2568	7.31436e-05
2569	4.14347e-05
2570	0.000215733
2571	0.000132431
2572	9.0761e-05
2573	0.000289026
2574	0.000208272
2575	0.000274454
2576	0.000126671
2577	0.000187199
2578	0.000307332
2579	0.000227885
2580	7.39648e-05
2581	0.000162761
2582	0.000316408
2583	0.000240649
2584	8.12669e-05
2585	0.000214715
2586	0.000345146
2587	0.000191113
2588	0.000292824
2589	0.000258955
2590	0.000365957
2591	0.000195446
2592	0.000379046
2593	0.000341675
2594	0.000314687
2595	8.60941e-05
2596	4.14347e-05
2597	0.000326583
2598	0.00049323
2599	7.54923e-05
2600	0.000341167
2601	0.000352813
2602	0.000372209
2603	0.000248416
2604	0.000369008
2605	8.86136e-05
2606	0.000161674
2607	0.000361899
2608	0.000322873
2609	0.000167054
2610	0.000251838
2611	0.000401355
2612	0.000157408
2613	9.02271e-05
2614	0.000180285
2615	0.000344421
2616	0.0003257
2617	0.000354829
2618	0.000210576
2619	0.000309395
2620	0.000280605
2621	0.000100632
2622	0.000187744
2623	0.000255269
2624	0.000355724
2625	0.000344414
2626	0.000195334
2627	0.000216687
2628	0.000234227
2629	0.000387424
2630	0.000323703
2631	0.000234721
2632	9.96554e-05
2633	0.00022042
2634	9.63957e-05
2635	0.000100665
2636	0.000205104
2637	0.000176753
2638	0.00030928
2639	0.000199885
2640	0.000282754
2641	0.000114407
2642	0.000450955
2643	0.000310031
2644	0.000236344
2645	0.000279304
2646	0.000266114
2647	0.000252093
2648	0.00025428
2649	0.000375446
2650	0.000185305
2651	8.4831e-05
2652	0.000178399
2653	0.000234501
2654	0.000284416
2655	0.000313121
2656	0.000153191
2657	0.00027079
2658	0.000196802
2659	0.000347418
2660	0.000203682
2661	0.000534022
2662	0.000254677
2663	0.000204938
2664	0.000378295
2665	0.000341178
2666	0.000286709
2667	0.000176051
2668	0.00028011
2669	0.000435748
2670	0.000250023
2671	0.000104792
2672	0.00023101
2673	0.000168889
2674	0.000378465
2675	0.000271405
2676	0.00038232
2677	0.000166992
2678	0.000112553
2679	0.000425528
2680	0.000255892
2681	0.000225485
2682	0.000151098
2683	0.0003909
2684	0.000185055
2685	0.00012453
2686	0.000190363
2687	0.0001514
2688	0.000125682
2689	0.000312372
2690	0.000251971
2691	0.000101327
2692	6.998e-05
2693	0.000190542
2694	0.000427058
2695	8.90922e-05
2696	0.000170238
2697	0.00015478
2698	0.000319193
2699	0.000178523
2700	0.000154043
2701	0.000173358
2702	0.000193302
2703	0.000235967
2704	5.8331e-05
2705	0.000151148
2706	0.000330864
2707	0.000132067
2708	0.000213814
2709	0.00012441
2710	0.000124302
2711	0.000246465
2712	0.00025906
2713	0.000221781
2714	5.88535e-05
2715	0.000243295
2716	0.000562993
2717	0.00025212
2718	0.000275516
2719	0.000545508
2720	0.000296592
2721	0.000104792
2722	5.4097e-05
2723	0.000113688
2724	0.000522232
2725	0.000102756
2726	0.000154588
2727	0.00012883
2728	0.000288674
2729	0.000329228
2730	0.000621173
2731	0.000176471
2732	0.000171847
2733	0.000164111
2734	0.000257979
2735	0.000166156
2736	7.52283e-05
2737	0.000159329
2738	0.000428823
2739	0.000241848
2740	5.8331e-05
2741	0.000282901
2742	0.000624348
2743	0.000257046
2744	0.000127338
2745	0.000206797
2746	9.99797e-05
2747	0.000122596
2748	0.000440782
2749	0.000256875
2750	0.00038406
2751	0.000239406
2752	8.66791e-05
2753	0.000300166
2754	0.000570652
2755	0.000398749
2756	0.000232148
2757	0.000379448
2758	0.000341611
2759	0.000166205
2760	0.000133407
2761	0.000170024
2762	0.000174794
2763	0.000317435
2764	0.00023666
2765	0.00026568
2766	0.000112787
2767	9.95219e-05
2768	0.000214241
2769	0.000116548
2770	0.00023286
2771	0.000158972
2772	0.000261455
2773	0.000275281
2774	0.00015389
2775	0.000211055
2776	0.000131048
2777	0.000381886
2778	0.000523144
2779	0.000163177
2780	0.000382912
2781	0.000399008
2782	0.000444294
2783	0.000233463
2784	0.00022809
2785	0.000293304
2786	0.000471194
2787	0.000325433
2788	6.49245e-05
2789	0.000174234
2790	0.000101573
2791	0.000131812
2792	0.000101327
2793	0.000537634
2794	0.000126746
2795	0.000203193
2796	0.000337949
2797	0.000181545
2798	5.37151e-05
2799	0.000160029
2800	0.000377261
2801	0.000105099
2802	9.20604e-05
2803	0.000190008
2804	9.04068e-05
2805	0.000132176
2806	0.000277697
2807	0.000180223
2808	7.07064e-05
2809	0.000164436
2810	0.000292171
2811	8.11393e-05
2812	0.000205513
2813	0.000242263
2814	5.88762e-05
2815	0.000268775
2816	0.000108121
2817	0.000131113
2818	0.000155963
2819	0.000185901
2820	0.00015171
2821	0.00011403
2822	0.000153421
2823	0.000233316
2824	0.000104792
2825	0.000169339
2826	0.000117999
2827	0.000344251
2828	0.00041786
2829	0.000225154
2830	0.000170179
2831	0.000159333
2832	0.000228387
2833	0.000444127
2834	0.000129007
2835	0.000219046
2836	0.000271582
2837	0.000134922
2838	9.30778e-05
2839	0.000623325
2840	0.000226364
2841	0.000263303
2842	4.39084e-05
2843	0.000232793
2844	0.000219641
2845	0.000184733
2846	0.000193396
2847	0.000120699
2848	0.000182232
2849	0.000432427
2850	0.000172348
2851	0.00018246
2852	8.33771e-05
2853	0.000336704
2854	0.000212751
2855	5.95775e-05
2856	0.000163242
2857	6.08754e-05
2858	0.000166052
2859	0.000159328
2860	5.63196e-05
2861	0.000217762
2862	0.000332003
2863	0.000635226
2864	0.000348059
2865	0.000319023
2866	0.000361342
2867	0.000371069
2868	0.000176159
2869	0.000403382
2870	0.000187731
2871	0.000292341
2872	0.000347584
2873	0.000346773
2874	0.000240476
2875	0.000310007
2876	0.000122293
2877	0.000476166
2878	0.000107685
2879	0.000211991
2880	0.000310281
2881	0.00030437
2882	0.000106842
2883	0.000138511
2884	8.06242e-05
2885	9.0468e-05
2886	0.0001613
2887	0.000214116
2888	0.000132365
2889	0.000242015
2890	0.000420672
2891	0.000134716
2892	0.000219624
2893	0.000111593
2894	0.000361639
2895	9.85848e-05
2896	0.000251453
2897	0.000257389
2898	9.84755e-05
2899	8.19939e-05
2900	0.000108836
2901	0.00045726
2902	0.000152959
2903	0.000104033
2904	0.000446605
2905	0.00034042
2906	0.000412993
2907	0.000176726
2908	0.000146319
2909	0.000369078
2910	0.000374731
2911	0.000317264
2912	0.000284415
2913	0.000348491
2914	0.000275606
2915	0.000431577
2916	0.000394221
2917	0.000112315
2918	0.000170917
2919	0.000330531
2920	0.000348274
2921	0.0002819
2922	7.00005e-05
2923	0.000151561
2924	0.000209236
2925	0.000366689
2926	0.000140676
2927	0.0004247
2928	0.000405897
2929	0.000241831
2930	0.000171847
2931	0.000267075
2932	0.000290323
2933	0.00017422
2934	0.000185934
2935	0.000151801
2936	0.000360906
2937	0.000357039
2938	0.000167146
2939	0.000377001
2940	0.000299103
2941	0.000122015
2942	9.90577e-05
2943	0.000385376
2944	0.000493818
2945	0.000265154
2946	0.000340874
2947	0.00014743
2948	0.000140192
2949	0.000269685
2950	0.00030533
2951	0.000668726
2952	6.11675e-05
2953	0.000180829
2954	0.000134014
2955	0.000327279
2956	0.00043763
2957	0.000144217
2958	0.000288309
2959	0.000225752
2960	0.000418688
2961	0.000103225
2962	0.000206683
2963	5.95463e-05
2964	0.000166683
2965	0.000139613
2966	0.0004847
2967	0.000142863
2968	0.000135603
2969	0.000329512
2970	0.000245582
2971	6.78113e-05
2972	0.000224529
2973	0.000399792
2974	0.000277462
2975	6.8906e-05
2976	0.000259339
2977	0.000179183
2978	0.000213844
2979	0.000173377
2980	6.9687e-05
2981	0.000145849
2982	0.000200361
2983	0.000221395
2984	0.000178264
2985	0.000276707
2986	0.000446741
2987	0.000155539
2988	0.000304512
2989	0.000340403
2990	0.000118258
2991	0.000330401
2992	0.000404678
2993	0.00027432
2994	0.000311101
2995	0.000129281
2996	0.000274099
2997	0.000174652
2998	5.7232e-05
2999	0.000307002
3000	0.00042011
3001	0.000287236
3002	0.000487128
3003	9.30778e-05
3004	0.000257731
3005	0.000304106
3006	4.91001e-05
3007	0.000172992
3008	0.000211695
3009	0.000147428
3010	0.000234516
3011	0.00030551
3012	0.000150465
3013	0.000178012
3014	0.000218351
3015	0.000101638
3016	0.000203598
3017	0.000427978
3018	0.000225721
3019	0.000496415
3020	0.000338066
3021	0.000276331
3022	0.000363341
3023	0.000195866
3024	0.00012589
3025	0.000292538
3026	0.000454422
3027	0.000432535
3028	0.000170095
3029	0.000255293
3030	8.92592e-05
3031	4.39084e-05
3032	0.000182384
3033	0.00040164
3034	0.000297485
3035	0.000489346
3036	0.000224146
3037	0.000101327
3038	0.000509248
3039	0.000154712
3040	0.00024184
3041	0.000190814
3042	0.000146071
3043	0.000146634
3044	7.12405e-05
3045	0.000116218
3046	0.000246075
3047	0.000237408
3048	0.000141273
3049	0.000409274
3050	0.000143961
3051	0.000567415
3052	0.000265278
3053	0.000194164
3054	0.000388084
3055	0.00015389
3056	0.00036104
3057	0.000180476
3058	0.000121558
3059	7.96288e-05
3060	0.0004424
3061	0.000155257
3062	0.000251629
3063	0.00014829
3064	0.000295248
3065	0.000253441
3066	0.00019882
3067	0.000126347
3068	0.000144895
3069	0.000144348
3070	0.000338754
3071	4.39084e-05
3072	0.000378737
3073	0.000300738
3074	0.00015389
3075	0.000182368
3076	0.000493672
3077	0.000459473
3078	0.000437455
3079	0.000245652
3080	0.000209573
3081	0.000231492
3082	0.000624317
3083	0.000151221
3084	0.000394847
3085	0.00025278
3086	0.000284907
3087	0.000374027
3088	9.92935e-05
3089	0.000320254
3090	0.000541997
3091	0.000104792
3092	8.98407e-05
3093	0.000134309
3094	7.33666e-05
3095	0.000138023
3096	0.000345073
3097	0.000289445
3098	0.000303156
3099	0.000110618
3100	0.000242093
3101	0.000669471
3102	0.000270149
3103	0.000171143
3104	0.000416172
3105	0.000221096
3106	0.000347748
3107	0.000362485
3108	0.000289545
3109	0.000138401
3110	0.000147045
3111	0.000327342
3112	0.000100153
3113	0.00038514
3114	0.000265351
3115	0.000346075
3116	0.000563685
3117	0.000337236
3118	0.000295491
3119	0.000341996
3120	0.000383765
3121	8.64195e-05
3122	0.000177043
3123	0.000192533
3124	0.000224981
3125	5.10093e-05
3126	0.000137003
3127	0.00015389
3128	0.000157906
3129	0.000192775
3130	0.000125945
3131	0.000171847
3132	0.000445269
3133	0.00010373
3134	5.09111e-05
3135	0.000190798
3136	0.000453444
3137	0.000293792
3138	0.000173401
3139	0.000184699
3140	0.000454343
3141	0.000216516
3142	0.000264883
3143	6.60791e-05
3144	0.000145215
3145	0.000393721
3146	0.000340587
3147	0.000131113
3148	0.000208177
3149	0.000308116
3150	0.00050358
3151	0.000124712
3152	0.000480285
3153	0.000116766
3154	0.000579318
3155	0.000158607
3156	0.000128722
3157	0.000144897
3158	0.00026497
3159	9.08736e-05
3160	0.000198093
3161	8.00549e-05
3162	0.000419119
3163	0.000133788
3164	0.000118362
3165	9.16428e-05
3166	0.000205941
3167	0.000151277
3168	0.000360469
3169	0.000329605
3170	0.000165726
3171	0.000165749
3172	0.000412565
3173	0.00016278
3174	0.000337515
3175	7.33795e-05
3176	0.000224805
3177	0.00030205
3178	0.0002148
3179	0.000392209
3180	0.000171847
3181	0.000171847
3182	0.000389758
3183	4.39084e-05
3184	0.00030427
3185	0.000459672
3186	0.000185597
3187	0.000283938
3188	0.000316811
3189	0.000154969
3190	0.00012555
3191	0.000270417
3192	0.000129711
3193	0.000165047
3194	0.000136048
3195	0.000334282
3196	0.000306059
3197	9.14331e-05
3198	0.000507772
3199	0.000155475
3200	0.000219573
3201	0.000495786
3202	8.63663e-05
3203	0.000223949
3204	0.000284009
3205	0.00015037
3206	0.000285099
3207	0.000305552
3208	0.000141216
3209	0.000170625
3210	0.000125777
3211	0.000205415
3212	0.000230015
3213	0.000201967
3214	0.000451731
3215	0.000186578
3216	0.000139217
3217	7.72644e-05
3218	0.000177043
3219	0.000281868
3220	0.000264346
3221	0.000226185
3222	0.000161997
3223	0.000187012
3224	0.000325302
3225	0.000197936
3226	0.000361024
3227	7.79238e-05
3228	0.000188564
3229	0.000134505
3230	4.39084e-05
3231	0.000226155
3232	0.000477179
3233	0.000461147
3234	0.000192297
3235	8.09317e-05
3236	0.000173781
3237	0.000173836
3238	0.000209183
3239	0.000335084
3240	0.00038491
3241	0.000166161
3242	0.000141296
3243	0.000150929
3244	0.000141588
3245	0.000144199
3246	0.000136158
3247	0.000354681
3248	0.000274195
3249	0.000127354
3250	0.000173544
3251	0.00018801
3252	0.000459162
3253	0.000352162
3254	0.000117986
3255	0.000250797
3256	0.000499023
3257	0.000226616
3258	0.000299822
3259	0.000234292
3260	0.000189863
3261	0.000321348
3262	0.00016468
3263	0.000471117
3264	0.00024802
3265	0.000282175
3266	0.000106324
3267	0.000409202
3268	7.63624e-05
3269	0.000109487
3270	7.66435e-05
3271	0.000123624
3272	0.000288705
3273	0.00021209
3274	0.000412081
3275	0.000247942
3276	0.000165987
3277	0.000388295
3278	0.000184059
3279	0.000212019
3280	0.000606686
3281	0.000103839
3282	5.01249e-05
3283	0.000212983
3284	0.000319359
3285	0.000219441
3286	0.000146785
3287	0.000306478
3288	0.000287787
3289	0.000156929
3290	0.000100996
3291	0.000665301
3292	0.000118969
3293	0.000292365
3294	0.000153048
3295	0.000351281
3296	0.000256425
3297	0.000342659
3298	0.000280838
3299	0.000367378
3300	0.00017591
3301	0.000208922
3302	0.000461289
3303	0.000229348
3304	0.000198141
3305	7.37713e-05
3306	0.000162826
3307	0.000165827
3308	0.000115471
3309	0.00022884
3310	8.67767e-05
3311	0.000155098
3312	0.000152253
3313	0.000228133
3314	0.000213998
3315	0.000106573
3316	0.000228399
3317	8.48431e-05
3318	0.000257531
3319	0.000188898
3320	0.000628534
3321	0.0004076
3322	0.000137003
3323	7.88776e-05
3324	0.00043773
3325	0.000244424
3326	0.000138769
3327	0.000394306
3328	0.000161588
3329	0.000169394
3330	0.000519389
3331	0.000278796
3332	0.000349685
3333	8.36571e-05
3334	9.69772e-05
3335	0.000378763
3336	0.000123687
3337	0.00018364
3338	0.00012758
3339	0.000335186
3340	0.000148901
3341	0.000237445
3342	0.000429704
3343	0.000140728
3344	0.000414305
3345	0.000388205
3346	0.000267554
3347	0.000422709
3348	0.000379488
3349	0.000119263
3350	0.000464302
3351	0.000451451
3352	0.00011117
3353	0.00038829
3354	0.000177043
3355	0.000306383
3356	0.000169152
3357	0.000126639
3358	0.000109122
3359	0.000152247
3360	0.000449951
3361	0.000149342
3362	0.000362275
3363	0.000599037
3364	0.000242747
3365	0.000356789
3366	0.000440895
3367	9.75548e-05
3368	0.000125666
3369	0.000329983
3370	7.58295e-05
3371	0.000137722
3372	0.000152959
3373	0.000150005
3374	0.000162883
3375	5.89311e-05
3376	0.000120583
3377	0.000208635
3378	0.000346806
3379	0.000188993
3380	0.000160988
3381	0.000299298
3382	0.000223739
3383	0.000164973
3384	0.000241906
3385	0.000380779
3386	0.000311336
3387	0.000439564
3388	9.66458e-05
3389	9.42526e-05
3390	0.000158567
3391	0.000293427
3392	0.000160278
3393	0.000157145
3394	0.00021627
3395	0.000271443
3396	0.000439742
3397	0.000646287
3398	0.000106181
3399	0.00018728
3400	0.000205008
3401	0.000120583
3402	0.000170561
3403	0.000333389
3404	0.000151731
3405	0.000148133
3406	0.000413419
3407	7.63624e-05
3408	5.10068e-05
3409	0.000141583
3410	0.000145287
3411	0.000374603
3412	0.000334594
3413	5.87387e-05
3414	0.000121333
3415	0.000217125
3416	0.00029358
3417	0.000410282
3418	0.00010201
3419	0.000351679
3420	0.000194591
3421	0.000155814
3422	0.000250902
3423	0.00021218
3424	9.29109e-05
3425	0.000134223
3426	0.000538425
3427	0.00012758
3428	9.60868e-05
3429	7.43833e-05
3430	0.000150652
3431	0.000190056
3432	9.0004e-05
3433	0.000309223
3434	0.000570333
3435	0.000244847
3436	7.18754e-05
3437	0.00757457
3438	0.000248745
3439	0.000205565
3440	0.000272094
3441	0.000133537
3442	0.000558796
3443	0.000281358
3444	0.000124063
3445	0.000127867
3446	0.000223304
3447	0.000139129
3448	0.000430584
3449	0.000422703
3450	0.000186033
3451	4.89083e-05
3452	0.000173542
3453	4.89083e-05
3454	0.000196277
3455	0.00045154
3456	0.000472992
3457	9.48647e-05
3458	0.000234293
3459	0.000208215
3460	0.000334173
3461	0.000110447
3462	0.000206751
3463	0.000275583
3464	0.000376959
3465	0.000249163
3466	0.00032284
3467	6.89848e-05
3468	0.000344651
3469	0.000337305
3470	0.000211971
3471	0.000251615
3472	0.000205471
3473	0.000265189
3474	0.000228499
3475	0.000308923
3476	0.000234281
3477	0.000117814
3478	0.000254663
3479	0.000229622
3480	0.000256616
3481	0.000216361
3482	0.000188226
3483	0.000187952
3484	0.000171535
3485	0.000198733
3486	0.000332286
3487	0.000185221
3488	0.000424642
3489	0.000115843
3490	0.000296382
3491	0.000232173
3492	0.000122915
3493	0.000224611
3494	8.39306e-05
3495	0.000554915
3496	0.00025052
3497	0.000239836
3498	0.000223069
3499	0.000270852
3500	0.000291698
3501	0.000461806
3502	0.000160207
3503	0.000165665
3504	0.000156511
3505	0.000323971
3506	0.000531682
3507	0.000140674
3508	0.000324162
3509	0.000250404
3510	0.000249265
3511	0.00029927
3512	0.000157608
3513	0.000145497
3514	0.000375423
3515	0.000159169
3516	0.000216101
3517	0.000189083
3518	0.000307406
3519	0.000259222
3520	0.000133154
3521	0.000662501
3522	0.000137309
3523	0.000216361
3524	0.000206973
3525	0.000364935
3526	0.000353134
3527	0.00022429
3528	0.000333723
3529	0.000406346
3530	0.000164128
3531	0.000186885
3532	0.0002079
3533	0.000189474
3534	0.000282435
3535	0.000249402
3536	0.000243937
3537	0.000100925
3538	0.000313299
3539	0.000174312
3540	0.000332362
3541	0.000195139
3542	0.00031873
3543	0.000133851
3544	0.000116679
3545	0.000736133
3546	0.000327445
3547	0.000184345
3548	0.000138001
3549	0.000295025
3550	0.000219618
3551	0.000171319
3552	0.000102539
3553	0.000403478
3554	0.000261905
3555	0.000255774
3556	0.000170729
3557	0.000288859
3558	0.000418106
3559	0.000275471
3560	8.12762e-05
3561	0.000201461
3562	0.000229622
3563	0.000188743
3564	0.00023224
3565	9.20997e-05
3566	0.000165319
3567	0.000222446
3568	0.000409175
3569	0.000288497
3570	4.89083e-05
3571	0.000270182
3572	0.00011589
3573	0.000231736
3574	0.000164985
3575	6.9198e-05
3576	0.000392765
3577	0.000478885
3578	0.000232566
3579	0.000249163
3580	0.000193268
3581	0.000192884
3582	7.09059e-05
3583	0.000159186
3584	0.000554843
3585	0.00017143
3586	0.000440661
3587	0.000254261
3588	8.35913e-05
3589	6.25784e-05
3590	0.00031743
3591	0.000221857
3592	0.000209073
3593	0.000509769
3594	0.000189353
3595	0.000222747
3596	0.000774897
3597	6.91724e-05
3598	0.000164106
3599	0.000387712
3600	0.000120927
3601	0.000256044
3602	0.000217492
3603	0.00011408
3604	0.000705145
3605	0.000367292
3606	0.00012565
3607	0.000132437
3608	0.000240693
3609	0.000266515
3610	0.000247109
3611	0.000513004
3612	0.000268844
3613	0.000229622
3614	0.000148967
3615	0.000253936
3616	0.000261558
3617	0.000405507
3618	0.000204956
3619	8.71011e-05
3620	0.000195889
3621	0.000161772
3622	0.000171324
3623	0.00022974
3624	0.000282496
3625	0.000369679
3626	0.000154582
3627	0.000195126
3628	0.000333757
3629	0.000437842
3630	0.000173377
3631	0.000138136
3632	0.000127998
3633	0.00060093
3634	0.000269383
3635	0.000268489
3636	0.000300348
3637	0.000107326
3638	0.00023874
3639	0.000188811
3640	0.000386398
3641	0.000160583
3642	0.000239573
3643	0.000276902
3644	0.000188521
3645	0.000230794
3646	0.000206161
3647	0.00017574
3648	0.000263581
3649	0.000229622
3650	4.89083e-05
3651	0.000312783
3652	0.000141563
3653	0.000102993
3654	0.000143413
3655	0.000226983
3656	0.000227676
3657	0.000209849
3658	0.000173129
3659	0.000163541
3660	0.000113052
3661	0.000115785
3662	0.000337386
3663	0.000187286
3664	0.000174686
3665	0.0001284
3666	0.00012961
3667	0.000238839
3668	0.000152046
3669	0.000146358
3670	0.000228874
3671	0.000144735
3672	0.000471374
3673	9.0291e-05
3674	0.000392089
3675	0.0002226
3676	0.000115843
3677	0.000507271
3678	9.85836e-05
3679	0.000275666
3680	0.000495261
3681	0.000122299
3682	0.000192551
3683	0.000185275
3684	0.000633777
3685	0.00020551
3686	7.38624e-05
3687	0.000303825
3688	6.00713e-05
3689	7.00471e-05
3690	0.000358129
3691	8.12762e-05
3692	0.000358335
3693	0.000294692
3694	0.000102959
3695	0.000229622
3696	0.000229
3697	0.000218652
3698	0.000242006
3699	8.68497e-05
3700	0.000146358
3701	0.000244929
3702	0.000351711
3703	0.000174877
3704	5.84603e-05
3705	0.000437381
3706	0.000287278
3707	0.000240455
3708	0.000235193
3709	4.89083e-05
3710	0.000311753
3711	0.00032717
3712	0.000105737
3713	0.000307906
3714	0.000295328
3715	0.0001826
3716	0.000160295
3717	8.12762e-05
3718	0.000300298
3719	0.000277883
3720	0.000219232
3721	0.000304883
3722	0.000391023
3723	0.00015384
3724	0.000108358
3725	0.00029452
3726	0.000198334
3727	0.000145234
3728	0.000333806
3729	4.89083e-05
3730	0.000267958
3731	0.000372042
3732	6.29111e-05
3733	8.72114e-05
3734	0.000452418
3735	0.000203409
3736	0.000140978
3737	0.000368946
3738	0.000364569
3739	0.000237393
3740	0.000329355
3741	0.000189629
3742	0.000129393
3743	0.00029452
3744	8.12762e-05
3745	0.000144342
3746	8.50578e-05
3747	0.000313583
3748	4.89083e-05
3749	0.000144547
3750	0.000299333
3751	0.000150658
3752	0.000248721
3753	0.000302261
3754	0.000126832
3755	0.000110657
3756	0.000592468
3757	0.000264757
3758	0.000495604
3759	0.0002902
3760	0.000201428
3761	0.000258385
3762	0.00018071
3763	0.000167656
3764	0.000353164
3765	7.52559e-05
3766	0.000162462
3767	0.000147964
3768	0.000278579
3769	0.000177336
3770	0.000146698
3771	0.00014385
3772	0.000131113
3773	0.000186229
3774	0.000283538
3775	0.00016641
3776	0.000278008
3777	0.000142668
3778	0.00018056
3779	0.000246131
3780	0.000188501
3781	9.32822e-05
3782	0.000376336
3783	0.000200999
3784	0.000156679
3785	0.000198241
3786	0.000247496
3787	0.00012723
3788	0.000138456
3789	0.000195738
3790	0.000411811
3791	0.000313562
3792	0.000194845
3793	0.000538038
3794	0.000385233
3795	8.77716e-05
3796	0.000137845
3797	0.000418342
3798	4.89083e-05
3799	0.00028132
3800	0.000443117
3801	9.10793e-05
3802	0.000210714
3803	0.000267235
3804	0.000445428
3805	9.41503e-05
3806	0.000141632
3807	6.97055e-05
3808	6.87437e-05
3809	0.000250717
3810	0.000390208
3811	8.45028e-05
3812	0.000151778
3813	0.000146358
3814	0.000170082
3815	0.000192345
3816	7.708e-05
3817	0.000146995
3818	0.000178106
3819	0.000210417
3820	4.89083e-05
3821	0.000328972
3822	0.000333316
3823	0.000211538
3824	0.000448052
3825	0.000376782
3826	0.000356119
3827	0.000129766
3828	0.000269916
3829	0.000433814
3830	0.00118669
3831	0.000267778
3832	0.000141847
3833	0.000351799
3834	0.000112084
3835	0.000307985
3836	0.000334278
3837	0.000261359
3838	0.000554033
3839	9.90983e-05
3840	0.00016956
3841	0.00032167
3842	0.000400138
3843	0.000123614
3844	0.000122578
3845	0.000203047
3846	8.50578e-05
3847	0.000222142
3848	0.000138455
3849	0.000124063
3850	0.000257585
3851	0.000537384
3852	0.000221874
3853	4.89083e-05
3854	6.35612e-05
3855	0.000193724
3856	4.89083e-05
3857	0.000181589
3858	0.00029867
3859	0.000106204
3860	0.000338539
3861	0.000279208
3862	0.000241304
3863	0.000223589
3864	0.000146358
3865	7.98374e-05
3866	0.000234783
3867	0.000314631
3868	0.000279506
3869	0.00035997
3870	0.000302379
3871	0.000141091
3872	0.000193774
3873	0.000358105
3874	0.000222399
3875	7.0075e-05
3876	0.000132747
3877	0.000500877
3878	0.000148051
3879	6.35612e-05
3880	0.000152545
3881	0.000227099
3882	8.3409e-05
3883	0.000229622
3884	0.000314667
3885	7.47141e-05
3886	0.000289834
3887	0.00012451
3888	0.000165502
3889	0.000160158
3890	9.52897e-05
3891	0.000269705
3892	0.000208712
3893	0.000109596
3894	0.000197011
3895	0.00018588
3896	0.000245513
3897	9.57604e-05
3898	0.000246558
3899	0.000128432
3900	0.000373723
3901	0.000150604
3902	0.000395726
3903	0.000218255
3904	0.000141927
3905	0.000172784
3906	0.000479203
3907	0.000312755
3908	0.000130008
3909	0.00025649
3910	8.90921e-05
3911	0.000146358
3912	0.00023605
3913	0.000184306
3914	0.000126244
3915	0.0002683
3916	0.000131482
3917	0.000237704
3918	0.000534401
3919	0.000188811
3920	0.000240394
3921	0.00036768
3922	6.7758e-05
3923	0.000166443
3924	0.000439649
3925	0.000115129
3926	0.000396825
3927	0.000318744
3928	6.52914e-05
3929	0.000176704
3930	0.000469733
3931	0.000286104
3932	0.000181127
3933	0.000321701
3934	0.000127629
3935	4.89083e-05
3936	0.000103261
3937	0.000185844
3938	0.000735128
3939	0.000104911
3940	0.000135531
3941	0.000117421
3942	6.11398e-05
3943	0.000241228
3944	0.000154075
3945	0.000401898
3946	9.32822e-05
3947	0.000356711
3948	0.00055787
3949	0.000256928
3950	0.000233349
3951	0.000380979
3952	0.000105049
3953	9.31523e-05
3954	0.000110448
3955	7.04064e-05
3956	0.000303382
3957	0.000274378
3958	0.000134723
3959	5.97402e-05
3960	0.000252877
3961	0.000138831
3962	0.000369872
3963	0.000145293
3964	0.000224417
3965	8.92792e-05
3966	0.000431682
3967	0.00023825
3968	0.000439033
3969	0.000281131
3970	0.000106977
3971	0.000445814
3972	0.000227099
3973	0.000116979
3974	4.89083e-05
3975	0.000235537
3976	0.000183351
3977	0.000102856
3978	7.92371e-05
3979	0.00019241
3980	0.00215655
3981	0.000250514
3982	0.000415443
3983	9.68687e-05
3984	6.82069e-05
3985	0.00020489
3986	0.000288543
3987	0.000118621
3988	0.000229008
3989	0.000213496
3990	0.000188157
3991	0.000125997
3992	0.000125098
3993	0.00020379
3994	0.000336778
3995	0.00028705
3996	0.000168041
3997	0.00032761
3998	0.000432558
3999	0.000176842
4000	0.000298902
4001	0.000118621
4002	0.000244145
4003	0.000169335
4004	0.000316471
4005	0.000132048
4006	0.000100669
4007	0.000188157
4008	6.82069e-05
4009	0.000303091
4010	6.82069e-05
4011	0.000147276
4012	0.000118621
4013	0.000206116
4014	0.000366977
4015	6.82069e-05
4016	0.000188157
4017	0.000303478
4018	0.000222568
4019	0.000249538
4020	0.00026876
4021	0.000334303
4022	6.82069e-05
4023	0.000537958
4024	6.82069e-05
4025	0.000188157
4026	0.000281768
4027	0.000267338
4028	0.000103916
4029	0.000118621
4030	0.000552977
4031	0.000356464
4032	0.000100669
4033	0.000123688
4034	9.36104e-05
4035	6.82069e-05
4036	0.000105786
4037	0.00014798
4038	0.000294513
